6.16082 1.56032 0.795802 0.556251 0.450271 0.398774 0.374408 0.3647 0.363223 0.36642 0.372237 0.379445 0.387295 0.395328 0.403262 0.410926 0.418222 0.425098 0.431532 0.437519 0.44307 0.448201 0.452932 0.457288 0.461292 0.464969 0.468344 0.471438 0.474274 0.476873 0.479253 0.481433 0.483429 0.485256 0.486928 0.488458 0.489859 0.49114 0.492313 0.493385 0.494366 0.495262 0.496081 0.496829 0.497511 0.498132 0.498696 0.499208 0.49967 5.43226 
1.84487 1.12193 0.726867 0.532831 0.436643 0.388797 0.366302 0.357758 0.357111 0.360965 0.367334 0.375027 0.383314 0.391744 0.400042 0.408042 0.415646 0.422806 0.429501 0.435728 0.441499 0.446831 0.451747 0.456271 0.460429 0.464247 0.467749 0.470959 0.473901 0.476594 0.479061 0.481318 0.483384 0.485274 0.487003 0.488584 0.490031 0.491353 0.492561 0.493666 0.494675 0.495596 0.496436 0.497203 0.4979 0.498533 0.499107 0.499626 0.500091 0.500506 
0.638148 0.606008 0.51155 0.433368 0.384761 0.358584 0.346998 0.344449 0.347355 0.353461 0.361346 0.370116 0.379205 0.388258 0.397057 0.405471 0.413427 0.420889 0.427848 0.434309 0.440286 0.445803 0.450885 0.455558 0.45985 0.463789 0.4674 0.470708 0.473738 0.476511 0.479049 0.481371 0.483494 0.485436 0.487211 0.488834 0.490316 0.491671 0.492908 0.494038 0.495069 0.496009 0.496866 0.497645 0.498354 0.498996 0.499576 0.500097 0.500563 0.500976 
0.263359 0.333275 0.346394 0.337355 0.327721 0.323197 0.323939 0.328683 0.33609 0.345092 0.354921 0.365046 0.375117 0.384908 0.394278 0.403148 0.411476 0.41925 0.426472 0.43316 0.439336 0.445026 0.450261 0.455071 0.459484 0.463531 0.467238 0.470633 0.473741 0.476583 0.479183 0.48156 0.483733 0.485718 0.487532 0.489189 0.490703 0.492084 0.493345 0.494495 0.495543 0.496498 0.497367 0.498157 0.498873 0.499521 0.500104 0.500626 0.501089 0.501496 
0.133951 0.204985 0.246821 0.268087 0.281063 0.2917 0.302285 0.313414 0.325022 0.336851 0.34863 0.360139 0.371221 0.381769 0.391724 0.401056 0.409758 0.417839 0.42532 0.432228 0.438593 0.444448 0.449827 0.454764 0.459289 0.463435 0.467231 0.470705 0.473882 0.476787 0.479442 0.481868 0.484084 0.486108 0.487956 0.489643 0.491182 0.492586 0.493866 0.495033 0.496096 0.497062 0.497941 0.498738 0.49946 0.50011 0.500694 0.501214 0.501673 0.502071 
0.0843992 0.14486 0.191107 0.223471 0.247549 0.267134 0.284341 0.300203 0.315163 0.329374 0.342867 0.355631 0.367649 0.378912 0.389423 0.399197 0.408257 0.416635 0.424364 0.431482 0.438028 0.44404 0.449555 0.454611 0.459242 0.463482 0.46736 0.470906 0.474148 0.47711 0.479816 0.482286 0.484542 0.4866 0.488478 0.490191 0.491753 0.493177 0.494473 0.495654 0.496728 0.497704 0.49859 0.499392 0.500117 0.500768 0.501351 0.501867 0.502318 0.502704 
0.063453 0.115672 0.160346 0.195965 0.224905 0.249255 0.270487 0.289525 0.306913 0.322958 0.337837 0.351656 0.364486 0.376384 0.387398 0.397579 0.406973 0.415627 0.42359 0.430908 0.437625 0.443786 0.449431 0.454601 0.459332 0.463659 0.467615 0.47123 0.474532 0.477547 0.4803 0.482811 0.485103 0.487192 0.489098 0.490834 0.492416 0.493856 0.495168 0.49636 0.497443 0.498427 0.499317 0.500123 0.500848 0.501499 0.502078 0.502588 0.50303 0.503401 
0.0537259 0.100747 0.143075 0.17914 0.209966 0.23667 0.260193 0.281233 0.300276 0.317655 0.333596 0.348259 0.361763 0.374204 0.385661 0.396205 0.405903 0.414813 0.422994 0.430499 0.437378 0.44368 0.449449 0.454727 0.459553 0.463964 0.467993 0.471673 0.475033 0.478098 0.480894 0.483444 0.485769 0.487888 0.489817 0.491575 0.493175 0.49463 0.495953 0.497155 0.498246 0.499235 0.500129 0.500935 0.50166 0.502308 0.502882 0.503383 0.503813 0.504167 
0.0487805 0.0926337 0.133041 0.168702 0.200113 0.227903 0.252672 0.274925 0.295059 0.313376 0.330106 0.345426 0.359476 0.372372 0.38421 0.395076 0.405047 0.414192 0.422575 0.430255 0.437287 0.443722 0.449609 0.45499 0.459907 0.464398 0.468498 0.47224 0.475653 0.478766 0.481604 0.48419 0.486545 0.48869 0.490643 0.492419 0.494035 0.495503 0.496836 0.498046 0.499142 0.500134 0.50103 0.501836 0.502558 0.503201 0.503768 0.504259 0.504673 0.505007 
0.0460312 0.0879175 0.126936 0.162033 0.193509 0.221758 0.247185 0.270162 0.291003 0.309973 0.327283 0.34311 0.3576 0.370874 0.383039 0.394188 0.404404 0.413763 0.422333 0.430177 0.437353 0.443916 0.449914 0.455394 0.460398 0.464966 0.469134 0.472935 0.4764 0.479558 0.482434 0.485054 0.487438 0.489607 0.49158 0.493374 0.495003 0.496482 0.497823 0.499039 0.500139 0.501133 0.502028 0.502832 0.50355 0.504186 0.504743 0.505222 0.505619 0.505929 
0.0443598 0.0849714 0.123013 0.157598 0.188957 0.217374 0.243145 0.266555 0.287862 0.307289 0.325031 0.341253 0.356098 0.369689 0.382136 0.393535 0.403973 0.413528 0.422272 0.43027 0.437583 0.444267 0.450372 0.455947 0.461035 0.465676 0.469909 0.473766 0.47728 0.480481 0.483394 0.486045 0.488456 0.490648 0.492639 0.494447 0.496088 0.497576 0.498924 0.500144 0.501246 0.502239 0.503132 0.503932 0.504644 0.505271 0.505817 0.50628 0.506657 0.50694 
0.0432498 0.0829891 0.120335 0.154508 0.185709 0.214168 0.240122 0.263803 0.285426 0.305186 0.323258 0.339795 0.354935 0.368797 0.381492 0.393115 0.403754 0.413491 0.422397 0.430541 0.437985 0.444784 0.450993 0.456658 0.461827 0.466539 0.470833 0.474745 0.478306 0.481546 0.484494 0.487174 0.489609 0.491821 0.493829 0.49565 0.4973 0.498795 0.500148 0.501369 0.502471 0.503463 0.504352 0.505145 0.505849 0.506465 0.506997 0.507442 0.507796 0.508048 
0.0424487 0.0815557 0.118394 0.152245 0.183299 0.211756 0.237818 0.261683 0.283537 0.303553 0.321889 0.338688 0.354079 0.36818 0.381096 0.392923 0.40375 0.413656 0.422717 0.431 0.438568 0.445479 0.451786 0.45754 0.462786 0.467566 0.471919 0.475882 0.479488 0.482766 0.485746 0.488453 0.49091 0.49314 0.495161 0.496993 0.498651 0.50015 0.501505 0.502727 0.503826 0.504814 0.505697 0.506482 0.507175 0.507779 0.508294 0.508719 0.509046 0.509263 
0.0418272 0.0804502 0.116904 0.15051 0.181445 0.209892 0.236032 0.260038 0.282077 0.302305 0.320865 0.337892 0.353508 0.367824 0.380943 0.392961 0.403964 0.414033 0.423241 0.431657 0.439345 0.446363 0.452767 0.458605 0.463926 0.468771 0.473181 0.477193 0.480841 0.484155 0.487164 0.489895 0.492372 0.494617 0.49665 0.498489 0.500152 0.501654 0.503009 0.504228 0.505324 0.506304 0.507179 0.507954 0.508634 0.509223 0.509719 0.51012 0.510417 0.510595 
0.0413166 0.0795516 0.115708 0.149126 0.179974 0.208422 0.234632 0.258764 0.280966 0.301383 0.320146 0.337382 0.353205 0.367723 0.381035 0.393234 0.404406 0.414631 0.423981 0.432527 0.440331 0.447454 0.45395 0.459871 0.465263 0.470171 0.474636 0.478694 0.48238 0.485727 0.488763 0.491515 0.494009 0.496266 0.498308 0.500154 0.501819 0.503321 0.504673 0.505887 0.506976 0.507948 0.508812 0.509574 0.510239 0.510809 0.511284 0.511658 0.511921 0.512054 
0.0408795 0.0787928 0.114713 0.14799 0.178784 0.20725 0.233538 0.257793 0.280153 0.30075 0.319707 0.337142 0.353164 0.367877 0.381376 0.393751 0.405088 0.415464 0.424954 0.433626 0.441545 0.448769 0.455355 0.461355 0.466817 0.471785 0.4763 0.480401 0.484124 0.4875 0.49056 0.493331 0.495839 0.498106 0.500153 0.502001 0.503667 0.505165 0.506512 0.507719 0.508798 0.509759 0.51061 0.511357 0.512004 0.512553 0.513003 0.513347 0.513572 0.513655 
0.0404952 0.0781363 0.113867 0.147045 0.177814 0.206319 0.232698 0.257085 0.279607 0.300385 0.319535 0.337168 0.353387 0.368292 0.381976 0.394526 0.406025 0.416552 0.426179 0.434975 0.443005 0.450329 0.457003 0.463079 0.468607 0.473631 0.478195 0.482336 0.486092 0.489494 0.492575 0.495361 0.497879 0.500152 0.502203 0.50405 0.505712 0.507205 0.508543 0.50974 0.510807 0.511754 0.512588 0.513317 0.513944 0.514469 0.514891 0.515201 0.515383 0.515411 
0.0401527 0.077562 0.113144 0.146256 0.17703 0.205599 0.232089 0.256621 0.279314 0.300281 0.31963 0.337464 0.353883 0.368982 0.382852 0.395576 0.407238 0.417914 0.427678 0.436597 0.444736 0.452157 0.458916 0.465066 0.470657 0.475735 0.480343 0.484521 0.488305 0.491731 0.494828 0.497625 0.50015 0.502426 0.504476 0.506319 0.507974 0.509458 0.510785 0.511968 0.51302 0.51395 0.514766 0.515473 0.516076 0.516575 0.516965 0.517237 0.517371 0.517337 
0.0398468 0.0770603 0.11253 0.145609 0.176419 0.205077 0.231699 0.256396 0.279275 0.300443 0.32 0.338043 0.354669 0.369967 0.384024 0.396926 0.408752 0.419578 0.429477 0.438517 0.446764 0.45428 0.461121 0.467341 0.472992 0.47812 0.482769 0.486979 0.490789 0.494232 0.497342 0.500147 0.502674 0.504949 0.506994 0.508829 0.510474 0.511945 0.513257 0.514424 0.515457 0.516367 0.51716 0.517844 0.51842 0.518889 0.519244 0.519473 0.519554 0.519452 
0.0395756 0.0766282 0.11202 0.145101 0.175977 0.204753 0.231532 0.256415 0.2795 0.300884 0.320662 0.338926 0.355766 0.37127 0.385521 0.398603 0.410595 0.421571 0.431606 0.440766 0.44912 0.456727 0.463647 0.469934 0.475641 0.480814 0.485499 0.489738 0.493568 0.497025 0.500143 0.50295 0.505476 0.507745 0.509781 0.511604 0.513234 0.514688 0.515981 0.517128 0.518139 0.519026 0.519794 0.520451 0.520997 0.521432 0.521747 0.521929 0.521952 0.521773 
0.0393398 0.0762673 0.111618 0.144736 0.175711 0.204636 0.2316 0.256694 0.280007 0.301627 0.321643 0.34014 0.357205 0.372922 0.387374 0.400641 0.412801 0.423929 0.434099 0.443379 0.451835 0.459532 0.466527 0.472877 0.478635 0.483849 0.488565 0.492826 0.496672 0.500137 0.503257 0.506063 0.508582 0.51084 0.512861 0.514668 0.516279 0.517712 0.518983 0.520105 0.521091 0.521951 0.522691 0.523317 0.52383 0.524227 0.524499 0.524629 0.524587 0.524323 
0.0391419 0.0759827 0.111331 0.144525 0.175636 0.204743 0.231924 0.257258 0.280823 0.302701 0.322973 0.341719 0.359022 0.374962 0.389621 0.403077 0.415408 0.42669 0.436994 0.446391 0.454949 0.462731 0.469797 0.476205 0.482009 0.487258 0.491999 0.496277 0.500131 0.5036 0.506716 0.509513 0.51202 0.514262 0.516264 0.518049 0.519636 0.521044 0.522288 0.523382 0.524339 0.525168 0.525876 0.526468 0.526944 0.5273 0.527525 0.527598 0.527484 0.527127 
0.0389857 0.0757822 0.111172 0.144483 0.175771 0.205099 0.232532 0.258137 0.281983 0.304143 0.324691 0.343704 0.361258 0.377432 0.392306 0.405957 0.418462 0.429896 0.440334 0.449847 0.458502 0.466364 0.473496 0.479956 0.485799 0.491077 0.495837 0.500125 0.503981 0.507445 0.510552 0.513334 0.515822 0.518042 0.520019 0.521777 0.523335 0.524713 0.525925 0.526987 0.527911 0.528706 0.529378 0.529933 0.530369 0.53068 0.530854 0.530864 0.530671 0.53021 
0.0388764 0.0756765 0.111156 0.144632 0.176142 0.205734 0.233459 0.25937 0.283529 0.305998 0.326846 0.346143 0.363963 0.380382 0.395479 0.409328 0.42201 0.433598 0.444168 0.453792 0.462539 0.470477 0.477668 0.484173 0.490048 0.495347 0.500118 0.504408 0.508259 0.511711 0.5148 0.517561 0.520022 0.522214 0.52416 0.525884 0.527408 0.52875 0.529926 0.530952 0.531838 0.532595 0.53323 0.533744 0.534136 0.534399 0.534516 0.534459 0.53418 0.533605 
0.0388206 0.0756787 0.111303 0.144997 0.176782 0.206686 0.234746 0.261005 0.28551 0.308318 0.32949 0.349092 0.367193 0.383869 0.399195 0.413249 0.426107 0.437848 0.448547 0.458278 0.467112 0.475117 0.48236 0.488902 0.4948 0.500111 0.504883 0.509166 0.513004 0.516435 0.519499 0.52223 0.524658 0.526813 0.528722 0.530407 0.53189 0.533191 0.534327 0.535311 0.536156 0.536872 0.537464 0.537935 0.538281 0.538493 0.53855 0.538419 0.538046 0.537345 
0.0388263 0.0758049 0.111638 0.145612 0.177728 0.207999 0.236445 0.263094 0.287985 0.311165 0.332687 0.352615 0.371014 0.387957 0.40352 0.41778 0.430816 0.442707 0.45353 0.463361 0.472274 0.480339 0.487623 0.494191 0.500103 0.505415 0.51018 0.514446 0.518259 0.521661 0.52469 0.527382 0.529769 0.53188 0.533743 0.535382 0.536819 0.538074 0.539163 0.540102 0.540902 0.541574 0.542121 0.542546 0.542843 0.543 0.542994 0.542784 0.542309 0.54147 
0.0389031 0.0760742 0.112188 0.146512 0.179028 0.209727 0.238614 0.265703 0.291022 0.314608 0.33651 0.356784 0.375497 0.392718 0.408524 0.422992 0.436204 0.44824 0.45918 0.469103 0.478085 0.486198 0.493513 0.500096 0.50601 0.511311 0.516056 0.520294 0.524072 0.527433 0.530418 0.533061 0.535398 0.537457 0.539267 0.540853 0.542237 0.543439 0.544477 0.545366 0.546118 0.546742 0.547243 0.54762 0.547867 0.547968 0.547895 0.547602 0.547016 0.546024 
0.0390624 0.0765099 0.112988 0.147744 0.180735 0.211933 0.241323 0.268906 0.294699 0.318729 0.34104 0.361684 0.380725 0.398233 0.414285 0.428961 0.442345 0.454519 0.465567 0.475571 0.484609 0.492758 0.50009 0.506674 0.512575 0.517853 0.522564 0.526761 0.530492 0.533802 0.53673 0.539315 0.541591 0.543589 0.545338 0.546863 0.548187 0.549331 0.550314 0.551149 0.55185 0.552424 0.552877 0.553206 0.553402 0.553446 0.553305 0.552924 0.552219 0.55106 
0.0393181 0.0771392 0.114079 0.14936 0.182913 0.214688 0.244652 0.272791 0.299107 0.323621 0.346371 0.367407 0.38679 0.404592 0.420892 0.435773 0.44932 0.461623 0.472766 0.482836 0.491916 0.500084 0.507417 0.513986 0.519859 0.525098 0.529761 0.533903 0.537573 0.540818 0.543678 0.546194 0.548399 0.550326 0.552005 0.553461 0.554719 0.5558 0.556721 0.5575 0.558147 0.558671 0.559075 0.559357 0.559504 0.559492 0.559282 0.558811 0.557979 0.556637 
0.0396865 0.0779951 0.11551 0.151423 0.185639 0.218081 0.248697 0.277456 0.30435 0.32939 0.35261 0.374057 0.393795 0.411895 0.428441 0.443519 0.45722 0.469636 0.480858 0.490977 0.500079 0.508248 0.515563 0.522099 0.527926 0.533108 0.537707 0.541777 0.545372 0.548538 0.551317 0.553751 0.555874 0.557721 0.55932 0.5607 0.561885 0.562896 0.563753 0.564471 0.565064 0.565538 0.565897 0.566135 0.566236 0.566173 0.565897 0.565333 0.564367 0.562825 
0.0401876 0.0791171 0.117338 0.15401 0.189002 0.222213 0.253569 0.28302 0.310548 0.336158 0.359877 0.381755 0.401854 0.420253 0.437037 0.4523 0.466138 0.478649 0.48993 0.500076 0.509178 0.517325 0.524601 0.531081 0.536841 0.541947 0.546463 0.550446 0.553948 0.55702 0.559705 0.562044 0.564074 0.565829 0.56734 0.568635 0.56974 0.570677 0.571466 0.572123 0.572662 0.573089 0.573406 0.573607 0.573671 0.573563 0.573227 0.572574 0.571467 0.569706 
0.0408454 0.080553 0.119636 0.15721 0.19311 0.227205 0.259396 0.289618 0.317841 0.344062 0.368309 0.39063 0.411095 0.429786 0.446796 0.462226 0.476179 0.48876 0.500073 0.510219 0.519295 0.527395 0.534604 0.541006 0.546676 0.551685 0.556097 0.559972 0.563366 0.566327 0.568902 0.571133 0.573058 0.574711 0.576124 0.577327 0.578346 0.579205 0.579923 0.580519 0.581006 0.581391 0.581676 0.581849 0.581889 0.581751 0.581366 0.580629 0.579379 0.577378 
0.0416892 0.0823609 0.122487 0.161131 0.19809 0.233198 0.266331 0.297408 0.326386 0.35326 0.378057 0.400832 0.421658 0.440628 0.457843 0.473414 0.487453 0.500072 0.511385 0.521499 0.530518 0.538538 0.545654 0.551949 0.557503 0.56239 0.566677 0.570425 0.573691 0.576525 0.578975 0.581084 0.582891 0.584431 0.585737 0.58684 0.587768 0.588544 0.589191 0.589728 0.590169 0.590521 0.590786 0.59095 0.590984 0.590837 0.590423 0.589615 0.58822 0.585959 
0.0427553 0.0846124 0.125995 0.165907 0.204097 0.240363 0.274555 0.306573 0.336367 0.363931 0.389295 0.412522 0.433696 0.452921 0.470311 0.485987 0.500073 0.512693 0.523967 0.53401 0.542934 0.550842 0.55783 0.563988 0.569399 0.574138 0.578276 0.581875 0.584993 0.587682 0.589992 0.591964 0.59364 0.595057 0.596247 0.597243 0.598074 0.598765 0.599342 0.599824 0.600228 0.600563 0.600827 0.601007 0.601066 0.600941 0.600529 0.599672 0.598139 0.595595 
0.0440887 0.087396 0.13029 0.171698 0.211317 0.248903 0.284278 0.317327 0.347994 0.376276 0.402213 0.425879 0.447375 0.466819 0.484341 0.500076 0.514162 0.526733 0.537921 0.547849 0.556636 0.564391 0.571215 0.577203 0.582439 0.587004 0.590967 0.594394 0.597344 0.599871 0.602023 0.603845 0.605378 0.60666 0.607726 0.608609 0.609339 0.609945 0.610454 0.61089 0.61127 0.611607 0.611899 0.612131 0.612259 0.612205 0.611841 0.610973 0.609316 0.606464 
0.0457463 0.0908231 0.13553 0.178704 0.219977 0.259062 0.295751 0.329919 0.361508 0.390524 0.417024 0.441101 0.462875 0.482485 0.500081 0.515816 0.529841 0.542306 0.553352 0.563113 0.571715 0.579272 0.585893 0.591674 0.596703 0.601063 0.604826 0.608058 0.610819 0.613165 0.615144 0.616801 0.618179 0.619317 0.620251 0.621014 0.621641 0.622164 0.622611 0.623011 0.623387 0.623754 0.624114 0.624449 0.624709 0.624797 0.624553 0.623733 0.621981 0.618796 
0.0478006 0.095035 0.141916 0.18717 0.230355 0.271133 0.309272 0.344637 0.377182 0.406929 0.433961 0.458396 0.480384 0.500089 0.517684 0.533343 0.547235 0.559524 0.570364 0.579898 0.588261 0.595573 0.601946 0.60748 0.612269 0.616394 0.619929 0.622942 0.625495 0.627641 0.629431 0.630911 0.632123 0.633108 0.633902 0.634543 0.635066 0.635507 0.635901 0.636281 0.636678 0.637114 0.637596 0.638107 0.638588 0.638921 0.638904 0.638225 0.636429 0.632887 
0.0503463 0.100214 0.149707 0.197409 0.242794 0.285473 0.325191 0.361818 0.395328 0.425775 0.453276 0.47799 0.5001 0.519804 0.537302 0.552792 0.566463 0.578496 0.589056 0.598297 0.606361 0.613375 0.619453 0.624702 0.629213 0.633072 0.636353 0.639125 0.641449 0.643379 0.644966 0.646256 0.647293 0.648116 0.648765 0.64928 0.6497 0.650065 0.650417 0.650798 0.651249 0.651804 0.652481 0.653266 0.654096 0.654826 0.655198 0.654804 0.65305 0.649126 
0.0535085 0.106601 0.159233 0.209816 0.257723 0.302515 0.343928 0.381851 0.416296 0.44737 0.47524 0.500114 0.522223 0.541801 0.559082 0.574292 0.58764 0.599323 0.609521 0.618396 0.626097 0.632756 0.638492 0.643413 0.647611 0.651174 0.654175 0.656684 0.65876 0.660459 0.66183 0.662921 0.663774 0.66443 0.664931 0.665319 0.665637 0.665933 0.666257 0.666664 0.667211 0.667949 0.668915 0.670109 0.671467 0.672816 0.673821 0.67394 0.672373 0.668045 
0.057457 0.114517 0.170934 0.2249 0.275679 0.322788 0.365975 0.405178 0.440476 0.472048 0.500134 0.525006 0.546949 0.566245 0.583165 0.597961 0.610868 0.622097 0.631841 0.640271 0.647541 0.653788 0.659133 0.663684 0.667535 0.670772 0.67347 0.675696 0.677509 0.678964 0.68011 0.680993 0.681657 0.682142 0.682493 0.682755 0.682975 0.68321 0.683523 0.683985 0.684676 0.685676 0.687053 0.688838 0.690976 0.693266 0.695277 0.696269 0.69513 0.690385 
0.0624284 0.124404 0.185395 0.243325 0.297339 0.346936 0.391915 0.432306 0.468292 0.500159 0.528241 0.552891 0.574461 0.593283 0.609668 0.6239 0.636232 0.646893 0.656085 0.663987 0.670757 0.676533 0.681438 0.685579 0.689051 0.691937 0.694311 0.696238 0.697776 0.698979 0.699893 0.700565 0.701036 0.70135 0.701552 0.701689 0.701817 0.702001 0.70232 0.702867 0.703756 0.70511 0.70705 0.709662 0.712929 0.716636 0.720228 0.722673 0.722373 0.717213 
0.0687624 0.136884 0.203423 0.26597 0.323564 0.375743 0.422424 0.463793 0.500194 0.532055 0.559833 0.583978 0.604916 0.623035 0.638686 0.652181 0.663793 0.673763 0.682302 0.689591 0.695791 0.701041 0.705461 0.709157 0.712221 0.714735 0.716769 0.718386 0.719642 0.720587 0.721269 0.721729 0.722011 0.722156 0.722212 0.72223 0.722271 0.722413 0.722752 0.723414 0.724555 0.726363 0.729046 0.732788 0.737664 0.743483 0.749551 0.754408 0.755661 0.75012 
0.0769659 0.152863 0.226142 0.294006 0.355449 0.410154 0.458272 0.500241 0.536633 0.568068 0.595147 0.618433 0.638429 0.65558 0.670273 0.682844 0.693582 0.702735 0.710517 0.717111 0.722676 0.727347 0.731243 0.734464 0.737099 0.739226 0.740911 0.742214 0.743187 0.743877 0.744329 0.744585 0.744683 0.744668 0.744585 0.74449 0.744451 0.744558 0.744929 0.745726 0.747164 0.749523 0.753144 0.758384 0.76551 0.774454 0.784411 0.793304 0.797398 0.791584 
0.0878311 0.173703 0.25516 0.329014 0.394377 0.451285 0.500308 0.542263 0.578036 0.608478 0.63436 0.656358 0.675054 0.69094 0.704433 0.715885 0.725591 0.733802 0.74073 0.746553 0.751424 0.755474 0.758814 0.761539 0.763733 0.765466 0.766801 0.767793 0.76849 0.768935 0.76917 0.769233 0.769162 0.768998 0.768789 0.768591 0.768479 0.768553 0.768958 0.769894 0.771653 0.774635 0.779375 0.786522 0.796712 0.810232 0.826324 0.84209 0.851471 0.845649 
0.102667 0.201539 0.292825 0.373126 0.442066 0.500409 0.549409 0.590427 0.62474 0.653466 0.677547 0.697765 0.714763 0.729068 0.741111 0.751248 0.759771 0.766924 0.772909 0.777895 0.782027 0.785424 0.788189 0.790409 0.792159 0.793503 0.794498 0.795193 0.795631 0.795851 0.795889 0.795781 0.795561 0.79527 0.794951 0.794663 0.794485 0.794526 0.794952 0.796008 0.798065 0.801677 0.807649 0.817076 0.831271 0.851355 0.877139 0.904898 0.924511 0.919326 
0.123798 0.239861 0.342614 0.429189 0.500571 0.558871 0.606379 0.645157 0.676923 0.703055 0.724641 0.74254 0.757424 0.769828 0.780179 0.788817 0.796021 0.802016 0.806989 0.811092 0.814454 0.817183 0.819369 0.821089 0.822407 0.823381 0.824059 0.824482 0.824689 0.824713 0.824587 0.824339 0.824002 0.823611 0.823208 0.82285 0.822614 0.822616 0.823036 0.824154 0.826422 0.830558 0.8377 0.849582 0.868646 0.897761 0.938708 0.987928 1.02862 1.02579 
0.155725 0.294612 0.409685 0.500859 0.57215 0.627897 0.671766 0.706592 0.734493 0.757038 0.775389 0.790417 0.802781 0.812987 0.821429 0.828415 0.834192 0.838957 0.842872 0.846067 0.848653 0.850719 0.852341 0.853583 0.854499 0.855136 0.855533 0.855725 0.855743 0.855615 0.855367 0.855023 0.854611 0.854161 0.853709 0.853307 0.853028 0.852984 0.853356 0.854442 0.856744 0.861124 0.86906 0.883067 0.90726 0.947756 1.01155 1.0998 1.18766 1.19329 
0.208157 0.376242 0.501452 0.592395 0.658842 0.7082 0.745574 0.774395 0.796978 0.814911 0.829305 0.840956 0.850446 0.858208 0.864574 0.869799 0.874081 0.877581 0.880427 0.882721 0.884549 0.885981 0.887076 0.887884 0.888446 0.888797 0.888968 0.888985 0.888872 0.88865 0.888339 0.887957 0.887526 0.887069 0.886617 0.88621 0.885912 0.88582 0.886096 0.887023 0.889098 0.893231 0.90112 0.915981 0.943903 0.996039 1.09072 1.2486 1.45231 1.5021 
0.304812 0.503047 0.627449 0.707591 0.761497 0.799335 0.826886 0.847549 0.863414 0.875819 0.885653 0.893532 0.899892 0.905051 0.909248 0.912664 0.91544 0.917685 0.919489 0.920922 0.922044 0.922901 0.923533 0.923973 0.924251 0.924388 0.924406 0.924322 0.924153 0.923911 0.92361 0.923264 0.922886 0.922493 0.922104 0.921749 0.921473 0.921347 0.921495 0.922134 0.923672 0.926896 0.933397 0.946522 0.973587 1.03101 1.15549 1.42218 1.92742 2.34526 
0.511817 0.703546 0.795278 0.845905 0.877077 0.897851 0.912501 0.923259 0.931397 0.937688 0.942631 0.94656 0.949708 0.952243 0.95429 0.955942 0.957271 0.958334 0.959176 0.959832 0.960333 0.960702 0.960959 0.961121 0.961201 0.961213 0.961165 0.961067 0.960926 0.96075 0.960545 0.960317 0.960075 0.959825 0.959579 0.959352 0.959169 0.959068 0.95912 0.959452 0.960313 0.962207 0.966233 0.974937 0.994674 1.04266 1.16977 1.54058 2.73917 7.03547 
