5.9575 1.46989 0.74914 0.529451 0.433634 0.387887 0.367022 0.35956 0.359576 0.363796 0.370327 0.378043 0.386259 0.394559 0.40269 0.4105 0.417906 0.424864 0.431359 0.437393 0.442979 0.448136 0.452887 0.457258 0.461273 0.464959 0.468339 0.471438 0.474277 0.476878 0.479259 0.481439 0.483435 0.485262 0.486934 0.488464 0.489864 0.491144 0.492316 0.493388 0.494368 0.495263 0.496082 0.496829 0.49751 0.498131 0.498695 0.499206 0.499667 5.43226 
1.61287 1.0398 0.682998 0.507098 0.42045 0.378112 0.359018 0.352673 0.353498 0.358362 0.365439 0.373637 0.382288 0.390984 0.399478 0.407623 0.415336 0.422578 0.429333 0.435607 0.441412 0.44677 0.451706 0.456245 0.460413 0.464239 0.467746 0.470961 0.473905 0.4766 0.479067 0.481325 0.483391 0.485281 0.487009 0.48859 0.490035 0.491356 0.492564 0.493668 0.494676 0.495597 0.496436 0.497202 0.497898 0.498531 0.499105 0.499623 0.500087 0.500502 
0.529922 0.555447 0.478538 0.412104 0.370765 0.34912 0.340447 0.339829 0.34405 0.35107 0.359602 0.368835 0.378261 0.387561 0.396542 0.405092 0.413148 0.420687 0.427702 0.434205 0.440215 0.445755 0.450855 0.455541 0.459842 0.463787 0.467403 0.470714 0.473746 0.47652 0.479059 0.48138 0.483503 0.485444 0.487218 0.48884 0.490322 0.491675 0.492911 0.49404 0.49507 0.496009 0.496865 0.497644 0.498352 0.498993 0.499573 0.500094 0.500559 0.50097 
0.21974 0.307664 0.325729 0.322229 0.316971 0.31558 0.318509 0.32478 0.333262 0.343029 0.353409 0.363935 0.374299 0.384307 0.393838 0.402827 0.411244 0.419084 0.426357 0.433082 0.439285 0.444996 0.450246 0.455066 0.459487 0.463538 0.467249 0.470646 0.473754 0.476597 0.479196 0.481573 0.483744 0.485728 0.487541 0.489197 0.490708 0.492088 0.493348 0.494496 0.495544 0.496498 0.497366 0.498155 0.49887 0.499517 0.5001 0.500621 0.501084 0.50149 
0.116987 0.193291 0.235271 0.258453 0.273589 0.286082 0.298117 0.310335 0.322751 0.335175 0.347394 0.359229 0.370552 0.381281 0.39137 0.400802 0.409579 0.417717 0.425239 0.432178 0.438566 0.444437 0.449828 0.454772 0.459303 0.463452 0.46725 0.470724 0.473901 0.476805 0.479459 0.481884 0.484098 0.48612 0.487966 0.489651 0.491189 0.492591 0.493869 0.495035 0.496096 0.497061 0.497939 0.498735 0.499455 0.500105 0.500689 0.501208 0.501666 0.502063 
0.0779033 0.140018 0.185178 0.217839 0.24277 0.263306 0.281369 0.297937 0.313454 0.328096 0.341918 0.354932 0.367138 0.378543 0.389161 0.399015 0.408136 0.416557 0.424319 0.431461 0.438024 0.444048 0.449572 0.454633 0.459267 0.463508 0.467386 0.470932 0.474172 0.477132 0.479836 0.482304 0.484557 0.486613 0.488489 0.4902 0.491759 0.493181 0.494476 0.495655 0.496727 0.497702 0.498586 0.499388 0.500111 0.500762 0.501344 0.501859 0.50231 0.502695 
0.061101 0.114064 0.157614 0.192956 0.222096 0.246849 0.268527 0.28798 0.305721 0.322055 0.337163 0.351161 0.364129 0.376132 0.387227 0.397468 0.406907 0.415595 0.423582 0.430916 0.437645 0.443813 0.449463 0.454635 0.459367 0.463694 0.467648 0.471261 0.474561 0.477573 0.480323 0.482831 0.48512 0.487207 0.489109 0.490843 0.492422 0.49386 0.495169 0.496359 0.497441 0.498423 0.499312 0.500116 0.500841 0.501491 0.502069 0.502578 0.503019 0.50339 
0.0530682 0.100658 0.142103 0.177757 0.208502 0.235314 0.259028 0.28028 0.299525 0.317081 0.333169 0.34795 0.361548 0.374062 0.385575 0.396161 0.40589 0.414823 0.423019 0.430535 0.437421 0.443726 0.449496 0.454773 0.459598 0.464006 0.468033 0.47171 0.475065 0.478127 0.480919 0.483466 0.485787 0.487902 0.489829 0.491583 0.49318 0.494633 0.495953 0.497153 0.498242 0.499229 0.500121 0.500927 0.501651 0.502297 0.50287 0.503371 0.5038 0.504153 
0.0488464 0.0932709 0.133032 0.168301 0.199532 0.227284 0.252098 0.274435 0.294666 0.313077 0.329891 0.345281 0.359389 0.372329 0.384202 0.395094 0.405083 0.41424 0.422631 0.430316 0.437349 0.443785 0.449669 0.455047 0.45996 0.464447 0.468543 0.47228 0.475689 0.478797 0.48163 0.484212 0.486563 0.488704 0.490653 0.492426 0.494038 0.495504 0.496834 0.498042 0.499136 0.500126 0.50102 0.501825 0.502546 0.503188 0.503754 0.504244 0.504658 0.504991 
0.0464208 0.0889096 0.127458 0.162222 0.193496 0.221644 0.247037 0.27002 0.29089 0.309896 0.327243 0.343104 0.357621 0.370918 0.383099 0.39426 0.404484 0.413846 0.422417 0.43026 0.437434 0.443993 0.449986 0.455461 0.460459 0.465021 0.469183 0.472978 0.476437 0.47959 0.482461 0.485076 0.487455 0.48962 0.491589 0.493379 0.495005 0.496481 0.497819 0.499032 0.50013 0.501122 0.502016 0.502818 0.503535 0.50417 0.504726 0.505204 0.5056 0.50591 
0.0449003 0.0861408 0.12383 0.158142 0.189308 0.217599 0.243297 0.26667 0.287961 0.307386 0.325132 0.34136 0.356211 0.369807 0.382256 0.393655 0.404091 0.413642 0.422381 0.430374 0.43768 0.444356 0.450455 0.456022 0.461102 0.465736 0.469961 0.473812 0.477319 0.480514 0.483421 0.486066 0.488472 0.490659 0.492646 0.49445 0.496087 0.497572 0.498917 0.500134 0.501233 0.502225 0.503116 0.503914 0.504625 0.505251 0.505796 0.506259 0.506635 0.506917 
0.0438627 0.084248 0.12132 0.155265 0.186289 0.214619 0.240483 0.264102 0.285684 0.305417 0.32347 0.339994 0.355122 0.368975 0.381661 0.393274 0.403904 0.413631 0.422528 0.430662 0.438095 0.444884 0.451083 0.456739 0.461899 0.466602 0.470888 0.474791 0.478345 0.481579 0.48452 0.487194 0.489624 0.49183 0.493833 0.49565 0.497296 0.498788 0.500137 0.501356 0.502455 0.503444 0.504331 0.505123 0.505825 0.506441 0.506972 0.507417 0.50777 0.508021 
0.0430965 0.0828589 0.119474 0.153132 0.184027 0.212358 0.238323 0.262114 0.283911 0.303884 0.322187 0.338958 0.354327 0.368408 0.381305 0.393116 0.403927 0.413819 0.422865 0.431135 0.438689 0.445588 0.451883 0.457626 0.462861 0.467631 0.471975 0.475929 0.479527 0.482798 0.48577 0.488471 0.490922 0.493146 0.495162 0.496989 0.498643 0.500139 0.50149 0.502709 0.503806 0.50479 0.505671 0.506455 0.507147 0.50775 0.508265 0.508689 0.509016 0.509231 
0.0424911 0.0817735 0.118039 0.151476 0.182267 0.210594 0.236635 0.260562 0.282536 0.302711 0.321228 0.338219 0.353803 0.368091 0.381186 0.393182 0.404164 0.414213 0.423404 0.431803 0.439475 0.446479 0.452869 0.458695 0.464003 0.468837 0.473237 0.47724 0.480878 0.484184 0.487186 0.48991 0.49238 0.494619 0.496647 0.498481 0.50014 0.501638 0.502989 0.504205 0.505297 0.506276 0.507148 0.507922 0.508601 0.509188 0.509684 0.510085 0.510382 0.510558 
0.0419866 0.0808815 0.116873 0.15014 0.180856 0.20919 0.235304 0.259353 0.281487 0.301845 0.320559 0.337751 0.353537 0.368021 0.381304 0.393476 0.404624 0.414826 0.424156 0.432682 0.440469 0.447575 0.454056 0.459962 0.465341 0.470237 0.47469 0.478738 0.482415 0.485753 0.488781 0.491526 0.494013 0.496264 0.4983 0.50014 0.501801 0.503299 0.504647 0.505858 0.506944 0.507913 0.508775 0.509536 0.510199 0.510769 0.511243 0.511617 0.51188 0.512012 
0.04155 0.0801216 0.115893 0.149033 0.179704 0.208062 0.234255 0.258428 0.280718 0.301253 0.320156 0.337544 0.353524 0.368199 0.381665 0.39401 0.405319 0.41567 0.425137 0.433788 0.441687 0.448893 0.455462 0.461447 0.466894 0.471849 0.476353 0.480443 0.484155 0.487522 0.490574 0.493337 0.495838 0.498098 0.50014 0.501982 0.503643 0.505137 0.50648 0.507683 0.508759 0.509718 0.510566 0.511311 0.511957 0.512506 0.512955 0.513299 0.513524 0.513606 
0.0411631 0.0794594 0.115054 0.148103 0.178757 0.207159 0.233447 0.257753 0.280203 0.300917 0.320011 0.337594 0.353769 0.368633 0.38228 0.394797 0.406267 0.416766 0.426368 0.435141 0.44315 0.450454 0.45711 0.46317 0.468682 0.473693 0.478244 0.482374 0.486119 0.489512 0.492583 0.495361 0.497872 0.500138 0.502183 0.504024 0.505681 0.507169 0.508504 0.509697 0.51076 0.511704 0.512537 0.513264 0.513889 0.514414 0.514835 0.515145 0.515328 0.515355 
0.0408163 0.0788768 0.114331 0.147323 0.177988 0.206458 0.232858 0.257311 0.279933 0.300835 0.320126 0.337908 0.35428 0.369337 0.383167 0.395857 0.407487 0.418134 0.42787 0.436764 0.444881 0.452281 0.459021 0.465154 0.470729 0.475792 0.480387 0.484553 0.488327 0.491742 0.494829 0.497619 0.500136 0.502405 0.504448 0.506285 0.507935 0.509414 0.510737 0.511916 0.512965 0.513891 0.514705 0.515411 0.516013 0.516511 0.516901 0.517172 0.517307 0.517273 
0.040505 0.0783652 0.113714 0.14668 0.177385 0.205947 0.232482 0.257101 0.279909 0.301012 0.32051 0.3385 0.355077 0.37033 0.384348 0.397212 0.409004 0.419799 0.42967 0.438685 0.446908 0.454402 0.461223 0.467425 0.473059 0.478172 0.482807 0.487005 0.490803 0.494236 0.497336 0.500132 0.502652 0.504919 0.506958 0.508787 0.510426 0.511892 0.513199 0.514362 0.515392 0.516298 0.51709 0.517771 0.518346 0.518814 0.519169 0.519399 0.51948 0.519377 
0.0402279 0.0779223 0.1132 0.146172 0.176947 0.20563 0.232324 0.257129 0.280144 0.301463 0.321182 0.339391 0.356181 0.371639 0.385849 0.398892 0.410849 0.421793 0.431798 0.440932 0.44926 0.456845 0.463744 0.470013 0.475702 0.48086 0.48553 0.489756 0.493574 0.49702 0.500128 0.502927 0.505444 0.507706 0.509734 0.511551 0.513176 0.514624 0.515913 0.517055 0.518063 0.518946 0.519712 0.520366 0.520911 0.521345 0.521661 0.521844 0.521867 0.521688 
0.0399859 0.0775503 0.112791 0.145804 0.176682 0.205517 0.232398 0.257415 0.280657 0.302212 0.322168 0.34061 0.357624 0.373294 0.387703 0.40093 0.413054 0.424149 0.434288 0.44354 0.451971 0.459644 0.466618 0.472948 0.478688 0.483886 0.488588 0.492835 0.496668 0.500123 0.503233 0.506029 0.508539 0.51079 0.512804 0.514604 0.516209 0.517637 0.518903 0.520021 0.521003 0.521858 0.522596 0.523219 0.523731 0.524127 0.5244 0.524531 0.524489 0.524225 
0.0397817 0.0772546 0.112498 0.145589 0.176606 0.205625 0.232724 0.257982 0.281477 0.303289 0.3235 0.34219 0.359441 0.375334 0.389949 0.403364 0.415658 0.426905 0.437177 0.446546 0.455077 0.462835 0.469879 0.476267 0.482052 0.487285 0.492011 0.496275 0.500117 0.503574 0.50668 0.509468 0.511965 0.514199 0.516195 0.517973 0.519554 0.520955 0.522194 0.523284 0.524236 0.525061 0.525766 0.526356 0.52683 0.527185 0.527411 0.527484 0.527372 0.527014 
0.0396193 0.0770433 0.112331 0.145543 0.176739 0.205981 0.233333 0.258862 0.282638 0.304732 0.325219 0.344174 0.361676 0.377801 0.39263 0.406239 0.418705 0.430105 0.440511 0.449993 0.458621 0.466459 0.473568 0.480008 0.485832 0.491093 0.495837 0.500111 0.503955 0.507407 0.510503 0.513276 0.515754 0.517966 0.519936 0.521686 0.523238 0.524609 0.525816 0.526873 0.527792 0.528583 0.529252 0.529804 0.530238 0.530548 0.530721 0.530733 0.530542 0.530081 
0.039504 0.0769273 0.112308 0.145687 0.177107 0.206614 0.234258 0.260095 0.284182 0.306585 0.327371 0.34661 0.364377 0.380746 0.395796 0.409604 0.422245 0.433797 0.444334 0.453928 0.462647 0.47056 0.477728 0.484212 0.490068 0.495349 0.500104 0.50438 0.508218 0.511658 0.514737 0.517487 0.51994 0.522123 0.524061 0.525778 0.527295 0.52863 0.529801 0.53082 0.531702 0.532454 0.533084 0.533595 0.533985 0.534247 0.534364 0.534308 0.534031 0.533456 
0.0394425 0.0769199 0.112449 0.146048 0.177743 0.207563 0.235543 0.261726 0.286161 0.308902 0.330011 0.349554 0.367601 0.384226 0.399505 0.413515 0.426333 0.438037 0.448701 0.458401 0.467207 0.475186 0.482406 0.488926 0.494805 0.500098 0.504855 0.509123 0.512947 0.516367 0.51942 0.52214 0.524559 0.526705 0.528606 0.530283 0.531759 0.533053 0.534182 0.53516 0.535999 0.53671 0.537297 0.537764 0.538107 0.538317 0.538374 0.538245 0.537873 0.537173 
0.039443 0.0770375 0.112777 0.146658 0.178687 0.208873 0.237239 0.263812 0.288631 0.311743 0.333202 0.353069 0.371413 0.388304 0.403818 0.418034 0.431029 0.442882 0.45367 0.463469 0.472353 0.480392 0.487652 0.494199 0.500091 0.505385 0.510134 0.514385 0.518185 0.521575 0.524593 0.527274 0.529651 0.531754 0.533608 0.535239 0.536668 0.537915 0.538997 0.539929 0.540723 0.541388 0.54193 0.54235 0.542643 0.542798 0.542791 0.542583 0.542109 0.541271 
0.039515 0.0772994 0.113321 0.147554 0.179982 0.210598 0.239404 0.266416 0.291662 0.315179 0.337016 0.357229 0.375885 0.393052 0.408808 0.423231 0.436401 0.448398 0.459303 0.469194 0.478146 0.486233 0.493524 0.500085 0.505978 0.511262 0.51599 0.520214 0.523978 0.527328 0.530301 0.532934 0.53526 0.53731 0.539111 0.540688 0.542063 0.543257 0.544287 0.545168 0.545913 0.546529 0.547023 0.547394 0.547637 0.547735 0.54766 0.547368 0.546784 0.545794 
0.0396703 0.0777289 0.114117 0.148782 0.181685 0.212798 0.242107 0.269613 0.295331 0.319291 0.341535 0.362117 0.381099 0.398552 0.414554 0.429183 0.442524 0.454658 0.46567 0.475641 0.484649 0.492771 0.500079 0.506641 0.512522 0.517782 0.522477 0.52666 0.530377 0.533674 0.536591 0.539165 0.541431 0.543419 0.545159 0.546674 0.547989 0.549124 0.550097 0.550923 0.551615 0.552181 0.552625 0.552946 0.553136 0.553176 0.553033 0.552652 0.551949 0.550792 
0.0399225 0.0783536 0.115204 0.150395 0.18386 0.215549 0.245431 0.273489 0.299729 0.324172 0.346853 0.367824 0.387147 0.404893 0.421141 0.435974 0.449478 0.46174 0.472847 0.482884 0.491933 0.500074 0.507383 0.51393 0.519783 0.525004 0.529651 0.533778 0.537434 0.540666 0.543515 0.54602 0.548214 0.550131 0.5518 0.553246 0.554494 0.555564 0.556475 0.557243 0.557879 0.558392 0.558786 0.559058 0.559197 0.559179 0.558966 0.558494 0.557664 0.556324 
0.0402884 0.0792067 0.116632 0.152455 0.186582 0.218937 0.249468 0.278145 0.304961 0.329927 0.353076 0.374457 0.394132 0.412175 0.428667 0.443696 0.457352 0.469727 0.480913 0.490998 0.50007 0.508212 0.515502 0.522016 0.527823 0.532987 0.53757 0.541626 0.545207 0.54836 0.551128 0.55355 0.555663 0.557498 0.559087 0.560456 0.561629 0.562629 0.563473 0.564179 0.564758 0.565219 0.565565 0.56579 0.565881 0.565809 0.565528 0.564962 0.563997 0.562457 
0.0407879 0.0803279 0.11846 0.15504 0.189941 0.223062 0.25433 0.283698 0.311145 0.336677 0.360323 0.382132 0.402168 0.420507 0.437237 0.45245 0.466243 0.478712 0.489955 0.500067 0.50914 0.51726 0.52451 0.530969 0.536709 0.541798 0.546297 0.550265 0.553754 0.556813 0.559486 0.561814 0.563833 0.565576 0.567076 0.568359 0.569451 0.570375 0.571149 0.571791 0.572313 0.572723 0.573024 0.573208 0.573257 0.573138 0.572794 0.572137 0.571031 0.569272 
0.0414451 0.0817653 0.120758 0.158238 0.194044 0.228046 0.260147 0.290281 0.318419 0.34456 0.368731 0.390982 0.411381 0.430011 0.446966 0.462345 0.476251 0.488791 0.500066 0.510178 0.519224 0.527296 0.534481 0.540861 0.546512 0.551503 0.555899 0.55976 0.563141 0.566089 0.568653 0.570872 0.572785 0.574426 0.575826 0.577016 0.57802 0.578863 0.579564 0.580141 0.580608 0.580972 0.581235 0.581387 0.581407 0.581252 0.580856 0.580112 0.578861 0.576864 
0.0422895 0.0835773 0.12361 0.162158 0.199019 0.23403 0.267069 0.298054 0.326943 0.353734 0.378452 0.401153 0.421911 0.440819 0.457977 0.473496 0.487488 0.500066 0.511341 0.521421 0.530409 0.538404 0.545495 0.551769 0.557304 0.562174 0.566445 0.570179 0.573432 0.576253 0.578692 0.580788 0.582583 0.58411 0.585402 0.58649 0.587401 0.588158 0.588784 0.589298 0.589714 0.59004 0.590277 0.590413 0.59042 0.59025 0.589818 0.588999 0.587602 0.585345 
0.0433574 0.0858354 0.127122 0.166933 0.20502 0.241184 0.275276 0.307197 0.336899 0.364375 0.389657 0.412807 0.433912 0.453073 0.470404 0.486028 0.500067 0.512645 0.523881 0.533891 0.542785 0.550667 0.557632 0.563769 0.569161 0.573884 0.578007 0.581592 0.584697 0.587374 0.589671 0.591631 0.593294 0.594697 0.595872 0.596851 0.597662 0.598331 0.598883 0.599336 0.599709 0.600009 0.600237 0.600379 0.600403 0.600246 0.599808 0.598934 0.597396 0.594856 
0.0446939 0.0886287 0.131421 0.172723 0.212232 0.24971 0.284979 0.317925 0.348495 0.376685 0.402536 0.426123 0.447547 0.466926 0.484389 0.500071 0.51411 0.526639 0.53779 0.547685 0.556443 0.564172 0.570974 0.576942 0.582161 0.586709 0.590658 0.594071 0.597009 0.599523 0.601662 0.603472 0.604991 0.606258 0.607307 0.60817 0.608877 0.609457 0.609936 0.610336 0.610676 0.610968 0.611213 0.611395 0.611475 0.611376 0.610975 0.610082 0.608415 0.605569 
0.0463559 0.0920683 0.136667 0.179726 0.220882 0.25985 0.296426 0.330484 0.36197 0.39089 0.417301 0.441296 0.462996 0.48254 0.500077 0.515758 0.529737 0.542161 0.55317 0.5629 0.571473 0.579006 0.585605 0.591367 0.59638 0.600724 0.604473 0.607692 0.610441 0.612774 0.61474 0.616385 0.617748 0.618869 0.619784 0.620525 0.621126 0.621616 0.622026 0.622382 0.622707 0.623017 0.623315 0.623584 0.623777 0.623802 0.623505 0.622647 0.620879 0.617701 
0.0484159 0.0962957 0.14306 0.188188 0.231246 0.271898 0.309914 0.345163 0.377598 0.407244 0.434183 0.458534 0.480447 0.500085 0.517621 0.533227 0.547073 0.559322 0.570127 0.579631 0.587966 0.595255 0.601607 0.607124 0.611897 0.616007 0.619529 0.62253 0.62507 0.627204 0.628982 0.630448 0.631645 0.632611 0.633384 0.633999 0.634491 0.634894 0.635242 0.635568 0.6359 0.636262 0.636661 0.637083 0.637473 0.637718 0.637626 0.636891 0.635068 0.631533 
0.0509681 0.101493 0.150856 0.19842 0.243666 0.286207 0.325793 0.362295 0.395688 0.426029 0.453434 0.478062 0.500096 0.519733 0.537172 0.552611 0.566238 0.578232 0.588758 0.597971 0.60601 0.613001 0.619061 0.624293 0.628789 0.632634 0.635903 0.638663 0.640975 0.642893 0.644467 0.645743 0.646763 0.647566 0.648192 0.648677 0.64906 0.64938 0.649676 0.649989 0.650359 0.650818 0.651384 0.652049 0.652753 0.653361 0.653625 0.653149 0.651352 0.647436 
0.0541373 0.1079 0.160387 0.210815 0.258567 0.303208 0.344477 0.382266 0.416589 0.447552 0.475324 0.500111 0.522143 0.541655 0.55888 0.57404 0.587345 0.598992 0.609158 0.618007 0.625684 0.632323 0.638042 0.642947 0.647132 0.650681 0.653671 0.656168 0.658233 0.65992 0.661279 0.662355 0.66319 0.663824 0.664299 0.664653 0.664929 0.66517 0.665427 0.66575 0.666192 0.666806 0.667626 0.668657 0.669841 0.671016 0.671865 0.671863 0.67023 0.66591 
0.0580925 0.115836 0.172087 0.225879 0.276485 0.323428 0.366459 0.405519 0.440688 0.472146 0.500131 0.524916 0.546784 0.566016 0.582881 0.597631 0.610498 0.621693 0.631408 0.639814 0.647063 0.653292 0.658621 0.663157 0.666996 0.670222 0.672909 0.675124 0.676926 0.67837 0.679503 0.68037 0.681015 0.681477 0.681799 0.682022 0.682193 0.682365 0.682596 0.682954 0.683513 0.684351 0.685535 0.687097 0.688992 0.691035 0.692819 0.69363 0.69239 0.687651 
0.0630686 0.125741 0.186541 0.244272 0.298091 0.347505 0.392315 0.432554 0.468407 0.500157 0.528138 0.552703 0.5742 0.592962 0.609296 0.623484 0.63578 0.646411 0.655577 0.663457 0.670208 0.675969 0.68086 0.684989 0.688449 0.691325 0.693689 0.695606 0.697133 0.698324 0.699226 0.699881 0.700333 0.700622 0.700791 0.700886 0.700958 0.701068 0.701289 0.701709 0.702432 0.703577 0.705261 0.707569 0.710495 0.713846 0.717103 0.719276 0.718817 0.713659 
0.0694027 0.138233 0.204548 0.266866 0.324242 0.376219 0.422718 0.463928 0.500191 0.531936 0.559616 0.58368 0.60455 0.622613 0.638218 0.651674 0.663254 0.673198 0.681714 0.688985 0.695169 0.700405 0.704813 0.708498 0.711553 0.714057 0.716082 0.71769 0.718936 0.71987 0.720538 0.720981 0.721243 0.721362 0.721383 0.721354 0.721332 0.721389 0.721614 0.722122 0.723058 0.724598 0.726941 0.730267 0.734661 0.739961 0.745526 0.749967 0.750969 0.745423 
0.0775977 0.154208 0.227224 0.294826 0.356024 0.410508 0.458434 0.500239 0.536494 0.567815 0.594802 0.618013 0.637947 0.655049 0.669702 0.68224 0.692951 0.702082 0.709846 0.716425 0.721976 0.726636 0.730522 0.733734 0.736361 0.738479 0.740156 0.741449 0.742412 0.743092 0.743531 0.743769 0.743847 0.743803 0.743684 0.743539 0.743431 0.743443 0.743683 0.744298 0.745486 0.747507 0.75068 0.755352 0.761791 0.769968 0.779156 0.787397 0.791087 0.785248 
0.0884396 0.175019 0.256166 0.32972 0.394812 0.451483 0.500306 0.542098 0.577738 0.608074 0.633872 0.655805 0.674448 0.690293 0.703754 0.715179 0.724864 0.733058 0.739972 0.745783 0.750644 0.754685 0.758016 0.760734 0.76292 0.764646 0.765973 0.766956 0.767644 0.768078 0.7683 0.768346 0.768253 0.768061 0.767814 0.767563 0.767378 0.76735 0.767608 0.768336 0.769797 0.77236 0.776522 0.782896 0.792105 0.804473 0.81936 0.834073 0.842786 0.836896 
0.103229 0.202782 0.293706 0.373668 0.442312 0.500407 0.549208 0.59007 0.624261 0.652894 0.676904 0.697068 0.714025 0.728299 0.740318 0.750436 0.758945 0.766086 0.772061 0.777039 0.781164 0.784554 0.787312 0.789525 0.791269 0.792606 0.793594 0.79428 0.794708 0.794917 0.794942 0.794817 0.794576 0.794256 0.793899 0.793559 0.793306 0.79324 0.793509 0.794335 0.796051 0.799162 0.804404 0.812799 0.825598 0.843933 0.867773 0.893753 0.912216 0.906863 
0.124278 0.240958 0.3433 0.4295 0.50057 0.558623 0.605942 0.644579 0.676242 0.702299 0.723833 0.741692 0.756549 0.768934 0.77927 0.787898 0.795094 0.801083 0.80605 0.810148 0.813505 0.816229 0.818409 0.820123 0.821436 0.822403 0.823073 0.823488 0.823685 0.823698 0.823557 0.823293 0.822935 0.822517 0.822078 0.821668 0.82136 0.821257 0.821519 0.822398 0.824296 0.82786 0.834121 0.844666 0.861779 0.888232 0.925953 0.971992 1.01056 1.00732 
0.156081 0.295457 0.410081 0.500858 0.571837 0.627352 0.671057 0.705769 0.733594 0.756089 0.774408 0.789415 0.801767 0.811967 0.820404 0.827388 0.833163 0.837927 0.84184 0.845033 0.847616 0.849678 0.851295 0.852532 0.853442 0.854071 0.85446 0.854644 0.854652 0.854512 0.854249 0.853889 0.853457 0.852981 0.852496 0.852048 0.851704 0.851564 0.851789 0.852646 0.85458 0.858359 0.865303 0.877681 0.899258 0.935769 0.994106 1.07627 1.15974 1.16434 
0.20836 0.376706 0.501456 0.592 0.658155 0.707316 0.744565 0.773311 0.795852 0.813764 0.82815 0.839801 0.849294 0.857063 0.863435 0.868665 0.872952 0.876455 0.879302 0.881596 0.883422 0.884851 0.885942 0.886745 0.8873 0.887643 0.887804 0.887811 0.887687 0.887452 0.887126 0.886728 0.886278 0.885798 0.885316 0.884871 0.884519 0.884349 0.884507 0.885243 0.886998 0.890578 0.897484 0.910567 0.935277 0.981784 1.06736 1.21292 1.40583 1.45289 
0.304909 0.503077 0.627004 0.70675 0.760399 0.79809 0.825567 0.846202 0.862065 0.87448 0.884333 0.892232 0.898612 0.903789 0.908002 0.91143 0.914215 0.916467 0.918275 0.91971 0.92083 0.921684 0.922311 0.922745 0.923013 0.923141 0.923148 0.923053 0.92287 0.922614 0.922298 0.921935 0.921539 0.921124 0.920711 0.920328 0.920014 0.919837 0.919908 0.920426 0.921753 0.924587 0.930326 0.941891 0.965681 1.0162 1.12672 1.36842 1.84209 2.25196 
0.512047 0.703594 0.79512 0.845562 0.8766 0.89729 0.911891 0.922626 0.930756 0.937048 0.941995 0.945931 0.949086 0.951627 0.95368 0.955336 0.956668 0.957733 0.958575 0.959231 0.95973 0.960096 0.960349 0.960507 0.960582 0.960588 0.960534 0.960429 0.960281 0.960096 0.959883 0.959646 0.959393 0.959132 0.958872 0.958628 0.958422 0.958288 0.958288 0.958531 0.959223 0.960778 0.964065 0.971061 0.986651 1.02419 1.12472 1.43113 2.50637 6.83144 
