2.18889 0.5475 0.375826 0.367968 0.384595 0.404441 0.422754 0.438414 0.451379 0.461942 0.470478 0.477343 0.482851 0.487265 0.490798 0.493624 0.49588 0.497673 0.499083 2.40629 
0.4524 0.368444 0.341838 0.351952 0.373411 0.396056 0.41648 0.43382 0.448131 0.459767 0.46915 0.47668 0.482704 0.487515 0.49135 0.494401 0.49682 0.498723 0.500193 0.501271 
0.173985 0.246624 0.291647 0.328875 0.361293 0.389023 0.412202 0.431246 0.446713 0.459178 0.469172 0.477157 0.483521 0.488581 0.492596 0.495773 0.498275 0.500223 0.501697 0.50272 
0.118964 0.20357 0.265721 0.314017 0.352735 0.384088 0.409473 0.429955 0.44641 0.459578 0.470081 0.478435 0.485063 0.490309 0.494451 0.497708 0.500252 0.502208 0.503649 0.504568 
0.10484 0.188066 0.2537 0.305866 0.347642 0.381214 0.408189 0.429818 0.447109 0.460887 0.471833 0.480503 0.487351 0.492744 0.496975 0.500279 0.502834 0.504766 0.50614 0.506903 
0.0997052 0.181387 0.247772 0.301547 0.345022 0.380088 0.408282 0.430867 0.448887 0.463207 0.474544 0.483487 0.490515 0.496017 0.500304 0.503621 0.506155 0.508032 0.509299 0.509845 
0.0970189 0.177842 0.244652 0.299504 0.344257 0.38055 0.409805 0.433249 0.451932 0.466741 0.478423 0.487593 0.494758 0.500327 0.504629 0.507921 0.510397 0.512181 0.513297 0.513549 
0.0952703 0.175791 0.243231 0.299192 0.345199 0.382683 0.412964 0.437229 0.456532 0.471783 0.483757 0.493102 0.500349 0.505934 0.510201 0.513423 0.515798 0.517445 0.518353 0.518219 
0.0941358 0.174874 0.24332 0.300637 0.348048 0.386802 0.418133 0.443207 0.46309 0.478725 0.490926 0.500374 0.507635 0.513167 0.517339 0.520434 0.522657 0.524118 0.524756 0.52412 
0.0936487 0.175218 0.245179 0.304228 0.353286 0.393441 0.425865 0.451728 0.472133 0.488071 0.500405 0.509863 0.517045 0.522442 0.526441 0.529345 0.531361 0.532582 0.532882 0.531598 
0.0940114 0.177225 0.249379 0.310652 0.361662 0.403363 0.436907 0.463507 0.484333 0.500451 0.512788 0.522127 0.529113 0.534267 0.538004 0.540643 0.542397 0.543333 0.543227 0.54112 
0.095578 0.181563 0.256811 0.320922 0.374224 0.417593 0.452228 0.479442 0.500522 0.516635 0.528794 0.537845 0.544482 0.549265 0.552638 0.554938 0.556388 0.557021 0.556466 0.553323 
0.0989068 0.189255 0.268788 0.336466 0.392386 0.437458 0.473038 0.500631 0.521695 0.537537 0.549272 0.557819 0.563925 0.568188 0.571085 0.572984 0.574128 0.574511 0.573538 0.569107 
0.104885 0.201866 0.287222 0.359254 0.418001 0.464619 0.500801 0.528363 0.549005 0.564208 0.575202 0.582982 0.588345 0.591925 0.594241 0.595713 0.596634 0.596983 0.595823 0.589819 
0.114982 0.221844 0.314903 0.391965 0.453424 0.501069 0.537193 0.56407 0.583715 0.5978 0.60767 0.614383 0.618775 0.621514 0.623169 0.624253 0.625205 0.626092 0.625485 0.617622 
0.13179 0.253147 0.355912 0.438148 0.501504 0.549038 0.583985 0.609223 0.627111 0.639502 0.647824 0.653166 0.656375 0.658143 0.659104 0.659947 0.661472 0.664215 0.666247 0.656405 
0.16029 0.302387 0.416158 0.502269 0.56539 0.610734 0.642805 0.66513 0.680359 0.690443 0.696815 0.700535 0.702417 0.703149 0.703452 0.70432 0.707369 0.714762 0.725248 0.71459 
0.211153 0.380902 0.503811 0.589328 0.647934 0.687805 0.714722 0.732652 0.744307 0.751558 0.755713 0.75771 0.758267 0.758025 0.75778 0.758971 0.764816 0.782141 0.817612 0.818438 
0.310294 0.507852 0.628706 0.703387 0.750423 0.780458 0.799689 0.811848 0.819268 0.823459 0.825433 0.825898 0.825393 0.82444 0.823819 0.825375 0.83464 0.869176 0.975554 1.11457 
0.529471 0.710993 0.797721 0.843954 0.870496 0.886373 0.895983 0.901688 0.90486 0.906345 0.90669 0.906274 0.905384 0.904321 0.903621 0.904883 0.914497 0.96342 1.22957 2.92281 
