2.3578 0.619906 0.407223 0.382411 0.391624 0.408005 0.424609 0.439394 0.451901 0.462224 0.470635 0.477438 0.482919 0.487322 0.490855 0.493685 0.495946 0.497744 0.499157 2.40636 
0.656497 0.437534 0.371743 0.365799 0.380167 0.399466 0.418234 0.434729 0.448603 0.460015 0.469286 0.476764 0.482769 0.487577 0.491416 0.494475 0.496902 0.498811 0.500283 0.501365 
0.248177 0.279618 0.30934 0.337976 0.365904 0.391333 0.413335 0.43178 0.446949 0.459274 0.469211 0.477182 0.483551 0.488626 0.49266 0.495855 0.498371 0.500329 0.501808 0.502837 
0.141241 0.2143 0.27282 0.318109 0.35488 0.385111 0.409895 0.430077 0.446399 0.459525 0.470031 0.478409 0.48507 0.49035 0.494524 0.497808 0.500373 0.502343 0.503791 0.504717 
0.110171 0.189051 0.254839 0.306579 0.347909 0.381184 0.408009 0.42959 0.446894 0.460717 0.47172 0.480451 0.487355 0.492799 0.497075 0.500415 0.502996 0.504946 0.506326 0.507097 
0.0996925 0.178575 0.246069 0.300378 0.344115 0.379346 0.407676 0.430389 0.44853 0.462963 0.474403 0.483436 0.490542 0.49611 0.500451 0.503812 0.506378 0.508275 0.509548 0.510102 
0.0953321 0.173659 0.241713 0.297397 0.342703 0.379386 0.408939 0.43262 0.451499 0.466472 0.478289 0.487574 0.494834 0.500482 0.504849 0.508193 0.510708 0.512513 0.513633 0.513893 
0.0930922 0.171193 0.239814 0.296668 0.343331 0.381309 0.411971 0.43654 0.456087 0.471536 0.483672 0.493149 0.500506 0.506182 0.510525 0.513808 0.516228 0.517901 0.518812 0.518683 
0.0918683 0.170248 0.23978 0.297976 0.34607 0.385362 0.417118 0.442534 0.462692 0.478549 0.49093 0.500526 0.50791 0.513546 0.517805 0.520974 0.523255 0.524747 0.525387 0.524753 
0.0914403 0.17073 0.241691 0.301585 0.351328 0.392038 0.424912 0.45114 0.47184 0.488018 0.500546 0.510164 0.517482 0.522996 0.5271 0.530096 0.532188 0.533456 0.53376 0.532474 
0.0919255 0.172956 0.246038 0.308124 0.359815 0.402081 0.436091 0.463071 0.484207 0.500576 0.513118 0.522629 0.529763 0.535053 0.53892 0.541683 0.543547 0.544559 0.544468 0.542352 
0.0936491 0.17756 0.253682 0.318585 0.372567 0.416511 0.451622 0.479228 0.500626 0.516999 0.529372 0.538606 0.54541 0.550356 0.553896 0.556373 0.557996 0.558764 0.558255 0.555094 
0.0971617 0.185557 0.26593 0.334393 0.390999 0.436657 0.472724 0.500716 0.522104 0.53821 0.550166 0.55891 0.565206 0.569671 0.572798 0.574967 0.576402 0.577039 0.576185 0.571726 
0.103353 0.198519 0.284701 0.357526 0.416975 0.464191 0.500867 0.52883 0.549797 0.565267 0.576489 0.584482 0.590066 0.593908 0.596558 0.59846 0.599897 0.600746 0.599869 0.593828 
0.113699 0.218913 0.312806 0.390685 0.452866 0.501119 0.537738 0.565013 0.584979 0.599331 0.609437 0.616384 0.621041 0.624129 0.626279 0.628073 0.629967 0.631872 0.631929 0.624031 
0.1308 0.250727 0.354357 0.437444 0.50154 0.549682 0.585115 0.61074 0.628942 0.6416 0.650168 0.65577 0.659303 0.661539 0.663239 0.665262 0.66854 0.673422 0.677044 0.667221 
0.159625 0.300617 0.415293 0.502288 0.566151 0.612088 0.644624 0.667321 0.682857 0.693211 0.699844 0.703857 0.706131 0.707482 0.708861 0.711653 0.717968 0.729995 0.744531 0.734127 
0.210769 0.379933 0.503788 0.590205 0.649533 0.689965 0.717323 0.735612 0.747576 0.75511 0.759552 0.761881 0.762899 0.763427 0.764647 0.768812 0.780567 0.808103 0.854941 0.856712 
0.309885 0.507644 0.629544 0.70515 0.752886 0.783452 0.803108 0.81563 0.82338 0.827889 0.830191 0.831031 0.831035 0.830939 0.83208 0.837727 0.856835 0.913342 1.0549 1.19552 
0.528095 0.71049 0.797814 0.844543 0.871485 0.88768 0.89755 0.903478 0.906849 0.908525 0.909068 0.90889 0.908365 0.90804 0.909208 0.915889 0.942204 1.04193 1.43509 3.09291 
